Serial execution time
unit: seconds

128x8 128 8 20
amsterdam 	0.000154 0.000153 0.000147 0.000145 0.000145 0.000151 0.000145 0.000146 0.000145 0.000150 0.000145 0.000151 0.000147 0.000159 0.000146 0.000146 0.000146 0.000152 0.000145 0.000145 	avg: 0.00014815
bermingham 	0.000150 0.000149 0.000144 0.000145 0.000143 0.000147 0.000144 0.000152 0.000143 0.000149 0.000132 0.000143 0.000132 0.000145 0.000133 0.000131 0.000132 0.000136 0.000132 0.000132	avg: 0.0001407
liverpool 	0.000149 0.000150 0.000144 0.000145 0.000142 0.000146 0.000143 0.000132 0.000131 0.000134 0.000131 0.000133 0.000122 0.000126 0.000122 0.000122 0.000123 0.000125 0.000114 0.000114	avg: 0.0001324

1024x64 1024 64 20
amsterdam 	0.014524 0.033219 0.018980 0.013350 0.013310 0.013288 0.013297 0.013302 0.014331 0.013365 0.013286 0.014651 0.013312 0.013322 0.013307 0.013311 0.013338 0.013377 0.013324 0.013867	avg: 0.014803
bermingham 	0.014788 0.014050 0.013991 0.013967 0.014157 0.014040 0.013961 0.014052 0.014291 0.013988 0.014098 0.014190 0.018791 0.016554 0.014446 0.013926 0.013643 0.013684 0.014214 0.013503	avg: 0.0144167
liverpool 	0.019434 0.014694 0.031381 0.027619 0.014915 0.015568 0.015166 0.015204 0.014756 0.014767 0.015172 0.014841 0.014707 0.014725 0.014697 0.015455 0.014813 0.014729 0.014707 0.014728	avg: 0.0166039

4096x64 4096 64 20
amsterdam 	0.089281 0.073982 0.076648 0.073252 0.078697 0.074718 0.085059 0.073641 0.076585 0.074963 0.082218 0.071106 0.071787 0.074728 0.072227 0.070220 0.080976 0.074776 0.088731 0.071334	avg: 0.076746
bermingham 	0.085977 0.076582 0.077815 0.077154 0.076920 0.095112 0.072456 0.072679 0.072495 0.072659 0.072419 0.072943 0.073544 0.073089 0.073014 0.072996 0.091621 0.073674 0.072998 0.073035	avg: 0.076459
liverpool	0.080082 0.073765 0.073988 0.074646 0.075046 0.090033 0.077022 0.076979 0.077032 0.076285 0.076025 0.076028 0.076075 0.076042 0.076698 0.076421 0.076005 0.076308 0.077085 0.081785	avg: 0.076985

2048x64 2048 64 20
amsterdam 	0.031222 0.031178 0.033091 0.031011 0.030393 0.030422 0.031860 0.032033 0.031344 0.032141 0.030022 0.029636 0.030191 0.029675 0.050526 0.032231 0.048968 0.034540 0.037967 0.037689	avg: 0.033807
bermingham	0.061067 0.033474 0.031389 0.032227 0.032151 0.033100 0.033289 0.033489 0.029421 0.031779 0.033324 0.032933 0.030074 0.030650 0.032931 0.031486 0.030438 0.032016 0.033936 0.034293	avg: 0.0336734
liverpool 	0.042627 0.050723 0.032224 0.033380 0.031137 0.031245 0.031838 0.032507 0.031832 0.032246 0.030934 0.030011 0.032636 0.031189 0.032168 0.032263 0.030742 0.032392 0.032993 0.032021	avg: 0.0333554

4096x128 4096 128 20
amsterdam 	0.326635 0.345119 0.334657 0.326086 0.324670 0.332692 0.309367 0.314207 0.324836 0.316831 0.332752 0.328946 0.324572 0.323310 0.325162 0.323459 0.311835 0.315181 0.317190 0.317509	avg: 0.323751
bermingham 	0.327497 0.324946 0.328131 0.325787 0.325195 0.326090 0.326742 0.326241 0.325226 0.325492 0.325704 0.325547 0.325837 0.325996 0.326411 0.326461 0.325809 0.326827 0.325993 0.325689	avg: 0.326081
liverpool 	0.329363 0.330277 0.330418 0.320273 0.322978 0.330992 0.328733 0.331279 0.328082 0.328803 0.327471 0.321460 0.327784 0.326566 0.328952 0.325637 0.326190 0.327015 0.321252 0.320713	avg: 0.326712

2048x128 2048 128 20
amsterdam	0.182023 0.176193 0.175700 0.174988 0.167956 0.157303 0.173297 0.169057 0.165372 0.164418 0.163210 0.169861 0.165564 0.164983 0.162667 0.164862 0.166092 0.158519 0.164836 0.163821	avg: 0.167536
bermingham	0.187058 0.178764 0.176139 0.175187 0.175083 0.175608 0.175224 0.176721 0.176476 0.176058 0.175889 0.175419 0.175576 0.175514 0.175562 0.176004 0.175529 0.175362 0.177235 0.174079	avg: 0.176424
liverpool 	0.182626 0.176452 0.174973 0.173207 0.172700 0.172084 0.174706 0.171566 0.173879 0.173309 0.173795 0.176182 0.175514 0.175618 0.175596 0.175805 0.172062 0.173077 0.172875 0.175498	avg: 0.174576

1024x128 1024 128 20
amsterdam 	0.092948 0.125675 0.083898 0.082373 0.098285 0.082247 0.079656 0.086732 0.088843 0.098137 0.082168 0.085233 0.074141 0.076500 0.090705 0.077301 0.081125 0.086265 0.074732 0.077228	avg: 0.0862096
bermingham	0.105316 0.077176 0.080120 0.077203 0.074443 0.073632 0.079892 0.076182 0.079462 0.074649 0.081461 0.075012 0.075613 0.083586 0.073035 0.079723 0.081720 0.079308 0.081293 0.083934	avg: 0.079638
liverpool	0.100731 0.081352 0.083447 0.082884 0.082400 0.082502 0.081943 0.084130 0.082598 0.085318 0.083916 0.080347 0.083249 0.103277 0.082492 0.085185 0.084543 0.084181 0.083238 0.080424	avg: 0.0849079
